RUNE_direct
TestMarker
35
mm
129
17.8
3
1.3
-1
40
1 1.0 0.0 -23.3333 0.0 1.0 -0 -23.3333 -0 542.726
1 1.0 0.0 -29.1667 0.0 1.0 -0 -29.1667 -0 848.01
0
1 1.0 0.0 -23.0847 0.0 1.0 -3.39736 -23.0847 -3.39736 542.726
0
0
0
0
1 1.0 0.0 -33.516 0.0 1.0 -10.0835 -33.516 -10.0835 1221.13
0
1 1.0 0.0 -26.4089 0.0 1.0 -12.38 -26.4089 -12.38 848.01
0
0
1 1.0 0.0 -24.3249 0.0 1.0 -16.0932 -24.3249 -16.0932 848.01
0
0
1 1.0 0.0 -21.7225 0.0 1.0 -19.4635 -21.7225 -19.4635 848.01
1 1.0 0.0 -26.067 0.0 1.0 -23.3562 -26.067 -23.3562 1221.13
0
1 1.0 0.0 -18.6571 0.0 1.0 -22.4189 -18.6571 -22.4189 848.01
1 1.0 0.0 -22.3886 0.0 1.0 -26.9026 -22.3886 -26.9026 1221.13
0
0
1 1.0 0.0 -18.2329 0.0 1.0 -29.8758 -18.2329 -29.8758 1221.13
0
1 1.0 0.0 -11.4072 0.0 1.0 -26.8434 -11.4072 -26.8434 848.01
0
0
1 1.0 0.0 -7.37723 0.0 1.0 -28.2183 -7.37723 -28.2183 848.01
1 1.0 0.0 -8.85268 0.0 1.0 -33.8619 -8.85268 -33.8619 1221.13
1 1.0 0.0 -2.552 0.0 1.0 -23.1934 -2.552 -23.1934 542.726
0
1 1.0 0.0 -3.828 0.0 1.0 -34.79 -3.828 -34.79 1221.13
1 1.0 0.0 0.852173 0.0 1.0 -23.3178 0.852173 -23.3178 542.726
0
0
0
1 1.0 0.0 5.29773 0.0 1.0 -28.6815 5.29773 -28.6815 848.01
1 1.0 0.0 6.35728 0.0 1.0 -34.4178 6.35728 -34.4178 1221.13
0
0
1 1.0 0.0 11.3008 0.0 1.0 -33.1254 11.3008 -33.1254 1221.13
1 1.0 0.0 10.669 0.0 1.0 -20.7513 10.669 -20.7513 542.726
1 1.0 0.0 13.3362 0.0 1.0 -25.9392 13.3362 -25.9392 848.01
1 1.0 0.0 16.0035 0.0 1.0 -31.127 16.0035 -31.127 1221.13
1 1.0 0.0 13.5767 0.0 1.0 -18.9768 13.5767 -18.9768 542.726
1 1.0 0.0 16.9709 0.0 1.0 -23.721 16.9709 -23.721 848.01
1 1.0 0.0 20.365 0.0 1.0 -28.4652 20.365 -28.4652 1221.13
1 1.0 0.0 16.1951 0.0 1.0 -16.7978 16.1951 -16.7978 542.726
1 1.0 0.0 20.2438 0.0 1.0 -20.9972 20.2438 -20.9972 848.01
0
1 1.0 0.0 18.4682 0.0 1.0 -14.2607 18.4682 -14.2607 542.726
1 1.0 0.0 23.0853 0.0 1.0 -17.8259 23.0853 -17.8259 848.01
0
1 1.0 0.0 20.3478 0.0 1.0 -11.4198 20.3478 -11.4198 542.726
0
0
0
0
1 1.0 0.0 32.6906 0.0 1.0 -12.5031 32.6906 -12.5031 1221.13
0
0
1 1.0 0.0 34.1627 0.0 1.0 -7.61008 34.1627 -7.61008 1221.13
1 1.0 0.0 23.2711 0.0 1.0 -1.70324 23.2711 -1.70324 542.726
0
0
0
0
1 1.0 0.0 34.9066 0.0 1.0 2.55481 34.9066 2.55481 1221.13
0
0
1 1.0 0.0 34.1627 0.0 1.0 7.61003 34.1627 7.61003 1221.13
0
1 1.0 0.0 27.2421 0.0 1.0 10.4192 27.2421 10.4192 848.01
1 1.0 0.0 32.6906 0.0 1.0 12.5031 32.6906 12.5031 1221.13
1 1.0 0.0 20.3478 0.0 1.0 11.4197 20.3478 11.4197 542.726
1 1.0 0.0 25.4348 0.0 1.0 14.2747 25.4348 14.2747 848.01
0
0
0
1 1.0 0.0 27.7024 0.0 1.0 21.3911 27.7024 21.3911 1221.13
0
1 1.0 0.0 20.2438 0.0 1.0 20.9972 20.2438 20.9972 848.01
0
1 1.0 0.0 13.5767 0.0 1.0 18.9767 13.5767 18.9767 542.726
0
1 1.0 0.0 20.3651 0.0 1.0 28.4651 20.3651 28.4651 1221.13
1 1.0 0.0 10.669 0.0 1.0 20.7513 10.669 20.7513 542.726
1 1.0 0.0 13.3363 0.0 1.0 25.9391 13.3363 25.9391 848.01
1 1.0 0.0 16.0035 0.0 1.0 31.127 16.0035 31.127 1221.13
1 1.0 0.0 7.5339 0.0 1.0 22.0836 7.5339 22.0836 542.726
1 1.0 0.0 9.41737 0.0 1.0 27.6045 9.41737 27.6045 848.01
1 1.0 0.0 11.3008 0.0 1.0 33.1254 11.3008 33.1254 1221.13
1 1.0 0.0 4.23821 0.0 1.0 22.9452 4.23821 22.9452 542.726
1 1.0 0.0 5.29777 0.0 1.0 28.6815 5.29777 28.6815 848.01
0
0
0
1 1.0 0.0 1.2783 0.0 1.0 34.9766 1.2783 34.9766 1221.13
1 1.0 0.0 -2.55197 0.0 1.0 23.1934 -2.55197 23.1934 542.726
0
1 1.0 0.0 -3.82796 0.0 1.0 34.79 -3.82796 34.79 1221.13
1 1.0 0.0 -5.90176 0.0 1.0 22.5746 -5.90176 22.5746 542.726
1 1.0 0.0 -7.37719 0.0 1.0 28.2183 -7.37719 28.2183 848.01
1 1.0 0.0 -8.85263 0.0 1.0 33.8619 -8.85263 33.8619 1221.13
0
1 1.0 0.0 -11.4072 0.0 1.0 26.8434 -11.4072 26.8434 848.01
0
1 1.0 0.0 -12.1553 0.0 1.0 19.9172 -12.1553 19.9172 542.726
1 1.0 0.0 -15.1941 0.0 1.0 24.8965 -15.1941 24.8965 848.01
1 1.0 0.0 -18.2329 0.0 1.0 29.8758 -18.2329 29.8758 1221.13
1 1.0 0.0 -14.9257 0.0 1.0 17.9351 -14.9257 17.9351 542.726
1 1.0 0.0 -18.6571 0.0 1.0 22.4189 -18.6571 22.4189 848.01
0
1 1.0 0.0 -17.378 0.0 1.0 15.5708 -17.378 15.5708 542.726
1 1.0 0.0 -21.7225 0.0 1.0 19.4635 -21.7225 19.4635 848.01
1 1.0 0.0 -26.067 0.0 1.0 23.3562 -26.067 23.3562 1221.13
1 1.0 0.0 -19.4599 0.0 1.0 12.8746 -19.4599 12.8746 542.726
0
1 1.0 0.0 -29.1899 0.0 1.0 19.3119 -29.1899 19.3119 1221.13
1 1.0 0.0 -21.1271 0.0 1.0 9.90402 -21.1271 9.90402 542.726
1 1.0 0.0 -26.4089 0.0 1.0 12.38 -26.4089 12.38 848.01
1 1.0 0.0 -31.6907 0.0 1.0 14.856 -31.6907 14.856 1221.13
0
1 1.0 0.0 -27.93 0.0 1.0 8.40293 -27.93 8.40293 848.01
0
0
1 1.0 0.0 -28.8558 0.0 1.0 4.24674 -28.8558 4.24674 848.01
0
